{
 "cells": [
  {
   "cell_type": "code",
   "id": "initial_id",
   "metadata": {
    "collapsed": true,
    "ExecuteTime": {
     "end_time": "2024-10-29T02:00:29.644166Z",
     "start_time": "2024-10-29T02:00:29.642281Z"
    }
   },
   "source": "",
   "outputs": [],
   "execution_count": null
  },
  {
   "metadata": {
    "ExecuteTime": {
     "end_time": "2024-10-29T02:00:29.661625Z",
     "start_time": "2024-10-29T02:00:29.659508Z"
    }
   },
   "cell_type": "code",
   "source": [
    "\n",
    "import os\n",
    "os.environ['DATA_ROOT'] = '/work/sarandi/data'\n",
    "#from smplfit.pt.converter import BodyModelConverter\n",
    "\n",
    "\n",
    "#converter = BodyModelConverter('smpl', 'neutral', 'smplx', 'neutral')"
   ],
   "id": "5856ba7e60ecfe04",
   "outputs": [],
   "execution_count": 4
  },
  {
   "metadata": {
    "ExecuteTime": {
     "end_time": "2024-10-29T02:00:29.719524Z",
     "start_time": "2024-10-29T02:00:29.704648Z"
    }
   },
   "cell_type": "code",
   "source": [
    "from smplfit.np.fitting import Fitter\n",
    "from smplfit.np.smpl import SMPL \n",
    "smpl_model = SMPL(model_name='smpl', gender='neutral')\n",
    "smplx_model = SMPL(model_name='smplx', gender='neutral')\n",
    "fitter  = Fitter(smpl_model, num_betas=10)"
   ],
   "id": "85c1e6a38db8d48c",
   "outputs": [
    {
     "ename": "ImportError",
     "evalue": "cannot import name 'Fitter' from 'smplfit.np.fitting' (/home/sarandi/rwth-home2/pose/pycharm/smplfit/smplfit/np/fitting.py)",
     "output_type": "error",
     "traceback": [
      "\u001B[0;31m---------------------------------------------------------------------------\u001B[0m",
      "\u001B[0;31mImportError\u001B[0m                               Traceback (most recent call last)",
      "Cell \u001B[0;32mIn[5], line 1\u001B[0m\n\u001B[0;32m----> 1\u001B[0m \u001B[38;5;28;01mfrom\u001B[39;00m \u001B[38;5;21;01msmplfit\u001B[39;00m\u001B[38;5;21;01m.\u001B[39;00m\u001B[38;5;21;01mnp\u001B[39;00m\u001B[38;5;21;01m.\u001B[39;00m\u001B[38;5;21;01mfitting\u001B[39;00m \u001B[38;5;28;01mimport\u001B[39;00m Fitter\n\u001B[1;32m      2\u001B[0m \u001B[38;5;28;01mfrom\u001B[39;00m \u001B[38;5;21;01msmplfit\u001B[39;00m\u001B[38;5;21;01m.\u001B[39;00m\u001B[38;5;21;01mnp\u001B[39;00m\u001B[38;5;21;01m.\u001B[39;00m\u001B[38;5;21;01msmpl\u001B[39;00m \u001B[38;5;28;01mimport\u001B[39;00m SMPL \n\u001B[1;32m      3\u001B[0m smpl_model \u001B[38;5;241m=\u001B[39m SMPL(model_name\u001B[38;5;241m=\u001B[39m\u001B[38;5;124m'\u001B[39m\u001B[38;5;124msmpl\u001B[39m\u001B[38;5;124m'\u001B[39m, gender\u001B[38;5;241m=\u001B[39m\u001B[38;5;124m'\u001B[39m\u001B[38;5;124mneutral\u001B[39m\u001B[38;5;124m'\u001B[39m)\n",
      "\u001B[0;31mImportError\u001B[0m: cannot import name 'Fitter' from 'smplfit.np.fitting' (/home/sarandi/rwth-home2/pose/pycharm/smplfit/smplfit/np/fitting.py)"
     ]
    }
   ],
   "execution_count": 5
  },
  {
   "metadata": {
    "ExecuteTime": {
     "end_time": "2024-10-29T02:00:29.759083950Z",
     "start_time": "2024-10-25T20:22:55.632993Z"
    }
   },
   "cell_type": "code",
   "source": [
    "import trimesh\n",
    "import numpy as np\n",
    "meshes = np.stack([np.array(trimesh.load_mesh(p).vertices) for p in paths])\n",
    "meshes = meshes.astype(np.float32)[:2]"
   ],
   "id": "868cd6f1a51c1651",
   "outputs": [],
   "execution_count": 4
  },
  {
   "metadata": {
    "ExecuteTime": {
     "end_time": "2024-10-29T02:00:29.759201091Z",
     "start_time": "2024-10-25T20:22:55.855138Z"
    }
   },
   "cell_type": "code",
   "source": [
    "fit_res = fitter.fit(meshes, n_iter=1, beta_regularizer=0,\n",
    "                     requested_keys=['pose_rotvecs', 'shape_betas'])"
   ],
   "id": "851c748c7ffac761",
   "outputs": [],
   "execution_count": 5
  },
  {
   "metadata": {
    "ExecuteTime": {
     "end_time": "2024-10-29T12:56:54.397344Z",
     "start_time": "2024-10-29T12:56:54.387407Z"
    }
   },
   "cell_type": "code",
   "source": "converter_smplx2smpl = BodyModelConverter('smplx', 'neutral', 'smpl', 'neutral')",
   "id": "ad00710d7492cd5c",
   "outputs": [
    {
     "ename": "NameError",
     "evalue": "name 'BodyModelConverter' is not defined",
     "output_type": "error",
     "traceback": [
      "\u001B[0;31m---------------------------------------------------------------------------\u001B[0m",
      "\u001B[0;31mNameError\u001B[0m                                 Traceback (most recent call last)",
      "Cell \u001B[0;32mIn[13], line 1\u001B[0m\n\u001B[0;32m----> 1\u001B[0m converter_smplx2smpl \u001B[38;5;241m=\u001B[39m \u001B[43mBodyModelConverter\u001B[49m(\u001B[38;5;124m'\u001B[39m\u001B[38;5;124msmplx\u001B[39m\u001B[38;5;124m'\u001B[39m, \u001B[38;5;124m'\u001B[39m\u001B[38;5;124mneutral\u001B[39m\u001B[38;5;124m'\u001B[39m, \u001B[38;5;124m'\u001B[39m\u001B[38;5;124msmpl\u001B[39m\u001B[38;5;124m'\u001B[39m, \u001B[38;5;124m'\u001B[39m\u001B[38;5;124mneutral\u001B[39m\u001B[38;5;124m'\u001B[39m)\n",
      "\u001B[0;31mNameError\u001B[0m: name 'BodyModelConverter' is not defined"
     ]
    }
   ],
   "execution_count": 13
  },
  {
   "metadata": {
    "ExecuteTime": {
     "end_time": "2024-10-29T02:00:29.759374832Z",
     "start_time": "2024-10-24T22:11:13.245992Z"
    }
   },
   "cell_type": "code",
   "source": "pose_, betas_, trans_ = converter.convert(fit_res['pose_rotvecs'], fit_res['shape_betas'], fit_res['trans'])",
   "id": "9a8eb22e2a30fbb9",
   "outputs": [],
   "execution_count": 7
  },
  {
   "metadata": {
    "ExecuteTime": {
     "end_time": "2024-10-29T02:00:29.759470782Z",
     "start_time": "2024-10-24T22:11:13.489480Z"
    }
   },
   "cell_type": "code",
   "source": [
    "true_verts = smpl_model(fit_res['pose_rotvecs'], fit_res['shape_betas'], fit_res['trans'])['vertices']\n",
    "\n",
    "smplx_verts = smplx_model(pose_, betas_, trans_)['vertices']\n",
    "smpllike_verts = converter_smplx2smpl.convert_vertices(smplx_verts)\n",
    "\n",
    "error = (smpllike_verts - true_verts).norm(dim=-1).mean()"
   ],
   "id": "26630f5ac3d9f314",
   "outputs": [],
   "execution_count": 8
  },
  {
   "metadata": {
    "ExecuteTime": {
     "end_time": "2024-10-29T02:00:29.759555533Z",
     "start_time": "2024-10-25T20:23:04.211413Z"
    }
   },
   "cell_type": "code",
   "source": "fit_res",
   "id": "33507e8bd128aa58",
   "outputs": [
    {
     "data": {
      "text/plain": [
       "{'shape_betas': array([[ 0.13640113,  0.6937035 , -0.48801613, -0.13726428,  0.86108166,\n",
       "          0.6606184 ,  0.9717764 ,  0.41420475,  0.31663826,  0.3799744 ],\n",
       "        [ 0.18556167,  0.9670995 ,  0.17373087,  0.16577812,  0.53767323,\n",
       "          0.22402374,  0.32619   ,  0.01546325, -0.4082278 ,  0.24927801]],\n",
       "       dtype=float32),\n",
       " 'kid_factor': None,\n",
       " 'trans': array([[ 0.00195017,  0.00073077,  0.00352168],\n",
       "        [-0.00264719,  0.00327193,  0.00182936]], dtype=float32),\n",
       " 'relative_orientations': array([[[[ 9.36896503e-01,  1.51230723e-01,  3.15204769e-01],\n",
       "          [-2.19384521e-01, -4.47667480e-01,  8.66870344e-01],\n",
       "          [ 2.72204369e-01, -8.81318986e-01, -3.86240423e-01]],\n",
       " \n",
       "         [[ 9.37620003e-01, -3.28548279e-01,  1.13686680e-01],\n",
       "          [ 2.91215579e-01,  9.20827055e-01,  2.59366817e-01],\n",
       "          [-1.89900306e-01, -2.10080167e-01,  9.59064168e-01]],\n",
       " \n",
       "         [[ 9.73921076e-01,  1.35480374e-01,  1.81996365e-01],\n",
       "          [-2.08405757e-01,  2.17083261e-01,  9.53646639e-01],\n",
       "          [ 8.96920522e-02, -9.66705631e-01,  2.39656880e-01]],\n",
       " \n",
       "         [[ 9.76508225e-01, -9.41071618e-02, -1.93843664e-01],\n",
       "          [-3.23610767e-02,  8.25339834e-01, -5.63708153e-01],\n",
       "          [ 2.13035886e-01,  5.56738616e-01,  8.02905795e-01]],\n",
       " \n",
       "         [[ 9.88865675e-01,  4.13943745e-02, -1.42937847e-01],\n",
       "          [-1.18228061e-01,  8.01855504e-01, -5.85704658e-01],\n",
       "          [ 9.03706121e-02,  5.96082444e-01,  7.97821316e-01]],\n",
       " \n",
       "         [[ 9.75258733e-01, -1.85639081e-01, -1.20035632e-01],\n",
       "          [ 8.18525145e-02,  8.07624962e-01, -5.83987955e-01],\n",
       "          [ 2.05354778e-01,  5.59714093e-01,  8.02838440e-01]],\n",
       " \n",
       "         [[ 9.91719086e-01,  3.43655106e-02, -1.23742651e-01],\n",
       "          [-3.21176915e-02,  9.99281576e-01,  2.01148920e-02],\n",
       "          [ 1.24345019e-01, -1.59739541e-02,  9.92110505e-01]],\n",
       " \n",
       "         [[ 9.86321825e-01,  9.77997947e-02,  1.32681964e-01],\n",
       "          [-1.25060751e-01,  9.68378490e-01,  2.15877026e-01],\n",
       "          [-1.07373641e-01, -2.29517532e-01,  9.67363805e-01]],\n",
       " \n",
       "         [[ 9.70558480e-01, -1.10269910e-01, -2.14141842e-01],\n",
       "          [ 9.78074448e-02,  9.92880893e-01, -6.79784539e-02],\n",
       "          [ 2.20113341e-01,  4.50324637e-02,  9.74434374e-01]],\n",
       " \n",
       "         [[ 9.92002406e-01,  9.83313086e-03, -1.25835378e-01],\n",
       "          [ 3.92069597e-03,  9.94079102e-01,  1.08588213e-01],\n",
       "          [ 1.26158075e-01, -1.08213110e-01,  9.86090345e-01]],\n",
       " \n",
       "         [[ 1.00000004e+00,  5.93316328e-08,  7.86441611e-09],\n",
       "          [ 5.93316328e-08,  1.00000002e+00,  1.68616796e-09],\n",
       "          [ 7.86441611e-09,  1.68616796e-09,  1.00000010e+00]],\n",
       " \n",
       "         [[ 9.99999960e-01,  1.36350578e-08,  8.95151790e-09],\n",
       "          [ 1.36350578e-08,  9.99999947e-01,  2.04235761e-08],\n",
       "          [ 8.95151790e-09,  2.04235761e-08,  1.00000009e+00]],\n",
       " \n",
       "         [[ 9.88027680e-01,  8.90419460e-02,  1.25987723e-01],\n",
       "          [-1.33631101e-01,  9.02036744e-01,  4.10454004e-01],\n",
       "          [-7.70979440e-02, -4.22375780e-01,  9.03136037e-01]],\n",
       " \n",
       "         [[ 8.79576246e-01,  1.56078057e-01, -4.49427640e-01],\n",
       "          [-1.65371345e-01,  9.86052409e-01,  1.87892812e-02],\n",
       "          [ 4.46091833e-01,  5.77958572e-02,  8.93119088e-01]],\n",
       " \n",
       "         [[ 9.76045479e-01,  4.32759537e-03,  2.17523885e-01],\n",
       "          [-1.43838643e-02,  9.98898344e-01,  4.46685552e-02],\n",
       "          [-2.17090956e-01, -4.67273617e-02,  9.75032385e-01]],\n",
       " \n",
       "         [[ 9.97639853e-01, -6.57820852e-02,  1.96839960e-02],\n",
       "          [ 5.82041194e-02,  9.62259475e-01,  2.65836304e-01],\n",
       "          [-3.64283958e-02, -2.64063297e-01,  9.63817192e-01]],\n",
       " \n",
       "         [[ 7.78997673e-01,  4.64787508e-01, -4.20874365e-01],\n",
       "          [-3.33588803e-01,  8.75552657e-01,  3.49465420e-01],\n",
       "          [ 5.30924873e-01, -1.31833654e-01,  8.37101343e-01]],\n",
       " \n",
       "         [[ 8.62639236e-01, -4.37505992e-01,  2.53854781e-01],\n",
       "          [ 4.35834553e-01,  8.97607575e-01,  6.59460644e-02],\n",
       "          [-2.56713758e-01,  5.37509872e-02,  9.64991670e-01]],\n",
       " \n",
       "         [[ 4.57953249e-01, -1.94594121e-01, -8.67416888e-01],\n",
       "          [ 3.54889862e-01,  9.34641879e-01, -2.23109570e-02],\n",
       "          [ 8.15065719e-01, -2.97620037e-01,  4.97081760e-01]],\n",
       " \n",
       "         [[-5.83136268e-01,  2.88908894e-01,  7.59265336e-01],\n",
       "          [-2.42689642e-01,  8.29990375e-01, -5.02212803e-01],\n",
       "          [-7.75276653e-01, -4.77124374e-01, -4.13882286e-01]],\n",
       " \n",
       "         [[ 9.17916157e-01, -3.01209302e-01, -2.58268886e-01],\n",
       "          [ 2.88801501e-01,  9.53549557e-01, -8.56563838e-02],\n",
       "          [ 2.72072663e-01,  4.03694537e-03,  9.62268295e-01]],\n",
       " \n",
       "         [[ 9.28520998e-01,  2.27102332e-01,  2.93723098e-01],\n",
       "          [-1.96658538e-01,  9.71850186e-01, -1.29740584e-01],\n",
       "          [-3.14919213e-01,  6.27037443e-02,  9.47044897e-01]],\n",
       " \n",
       "         [[ 9.67880944e-01,  2.47343947e-01, -4.50264541e-02],\n",
       "          [-2.40920903e-01,  9.63697143e-01,  1.15086714e-01],\n",
       "          [ 7.18578149e-02, -1.00542370e-01,  9.92334512e-01]],\n",
       " \n",
       "         [[ 9.73395878e-01, -1.89567513e-01,  1.28703646e-01],\n",
       "          [ 1.83944950e-01,  9.81432168e-01,  5.43606262e-02],\n",
       "          [-1.36618851e-01, -2.92400462e-02,  9.90192012e-01]]],\n",
       " \n",
       " \n",
       "        [[[ 7.61682093e-01, -2.04641089e-01, -6.14786506e-01],\n",
       "          [ 3.71847361e-01, -6.38968527e-01,  6.73385978e-01],\n",
       "          [-5.30631721e-01, -7.41512835e-01, -4.10595566e-01]],\n",
       " \n",
       "         [[ 9.62795639e-01, -2.10822007e-01, -1.69052356e-01],\n",
       "          [ 2.32751092e-01,  3.29099565e-01,  9.15161422e-01],\n",
       "          [-1.37301116e-01, -9.20460394e-01,  3.65924644e-01]],\n",
       " \n",
       "         [[ 9.20282320e-01,  2.93776062e-01,  2.58410800e-01],\n",
       "          [-3.75376644e-01,  4.76710351e-01,  7.94883357e-01],\n",
       "          [ 1.10330500e-01, -8.28518435e-01,  5.48984706e-01]],\n",
       " \n",
       "         [[ 9.93032149e-01, -8.84547261e-02,  7.78653744e-02],\n",
       "          [ 1.17691998e-01,  7.10834230e-01, -6.93443139e-01],\n",
       "          [ 5.98890519e-03,  6.97775403e-01,  7.16291514e-01]],\n",
       " \n",
       "         [[ 9.71610407e-01,  2.28501727e-01,  6.13200069e-02],\n",
       "          [-1.18762963e-01,  6.95231176e-01, -7.08906825e-01],\n",
       "          [-2.04617916e-01,  6.81498789e-01,  7.02631387e-01]],\n",
       " \n",
       "         [[ 9.69842736e-01,  7.87184921e-02,  2.30669580e-01],\n",
       "          [ 1.83314058e-01,  3.88127640e-01, -9.03190449e-01],\n",
       "          [-1.60627014e-01,  9.18237629e-01,  3.61992576e-01]],\n",
       " \n",
       "         [[ 9.95973405e-01, -5.95024254e-02,  6.70552619e-02],\n",
       "          [ 6.28777665e-02,  9.96797868e-01, -4.94012593e-02],\n",
       "          [-6.39011106e-02,  5.34186289e-02,  9.96525536e-01]],\n",
       " \n",
       "         [[ 9.53789891e-01, -4.51311194e-03,  3.00440400e-01],\n",
       "          [-9.88307118e-03,  9.98874994e-01,  4.63798201e-02],\n",
       "          [-3.00311670e-01, -4.72059093e-02,  9.52672285e-01]],\n",
       " \n",
       "         [[ 9.90116348e-01, -1.27743847e-01, -5.78895224e-02],\n",
       "          [ 1.34326780e-01,  9.82432838e-01,  1.29546029e-01],\n",
       "          [ 4.03237895e-02, -1.36041716e-01,  9.89882174e-01]],\n",
       " \n",
       "         [[ 9.96708365e-01, -6.19697375e-02,  5.22697642e-02],\n",
       "          [ 6.07402226e-02,  9.97845655e-01,  2.47946133e-02],\n",
       "          [-5.36937038e-02, -2.15381263e-02,  9.98325164e-01]],\n",
       " \n",
       "         [[ 9.99999985e-01, -2.18028630e-08,  2.38866835e-08],\n",
       "          [-2.18028630e-08,  9.99999962e-01, -6.17003175e-08],\n",
       "          [ 2.38866835e-08, -6.17003175e-08,  1.00000006e+00]],\n",
       " \n",
       "         [[ 1.00000001e+00,  4.35529207e-08, -4.43897898e-08],\n",
       "          [ 4.35529207e-08,  1.00000003e+00,  2.12840954e-08],\n",
       "          [-4.43897898e-08,  2.12840954e-08,  9.99999997e-01]],\n",
       " \n",
       "         [[ 9.98782402e-01, -2.71157559e-02,  4.12118979e-02],\n",
       "          [ 1.92368735e-02,  9.83334550e-01,  1.80785004e-01],\n",
       "          [-4.54272088e-02, -1.79772054e-01,  9.82658848e-01]],\n",
       " \n",
       "         [[ 9.55776855e-01,  2.66442207e-01, -1.24495410e-01],\n",
       "          [-2.73881710e-01,  9.60627288e-01, -4.67340688e-02],\n",
       "          [ 1.07141722e-01,  7.87643572e-02,  9.91118941e-01]],\n",
       " \n",
       "         [[ 8.91348389e-01, -1.04332356e-01,  4.41149429e-01],\n",
       "          [ 1.05912167e-01,  9.94151255e-01,  2.11208932e-02],\n",
       "          [-4.40772821e-01,  2.78970273e-02,  8.97185166e-01]],\n",
       " \n",
       "         [[ 9.99638303e-01, -2.41844844e-02, -1.17664660e-02],\n",
       "          [ 2.29216851e-02,  9.94955107e-01, -9.76666990e-02],\n",
       "          [ 1.40691402e-02,  9.73616874e-02,  9.95149586e-01]],\n",
       " \n",
       "         [[ 6.63799673e-01,  6.47928637e-01, -3.73575294e-01],\n",
       "          [-7.08944594e-01,  7.04223009e-01, -3.83078159e-02],\n",
       "          [ 2.38259579e-01,  2.90272835e-01,  9.26808456e-01]],\n",
       " \n",
       "         [[ 6.86447643e-01, -4.54640383e-01,  5.67531224e-01],\n",
       "          [ 3.64554819e-01,  8.90452382e-01,  2.72386402e-01],\n",
       "          [-6.29197490e-01,  1.99172741e-02,  7.76990343e-01]],\n",
       " \n",
       "         [[-2.27803740e-01, -4.08680441e-01, -8.83790613e-01],\n",
       "          [ 1.67697477e-01,  8.77625829e-01, -4.49054991e-01],\n",
       "          [ 9.59157441e-01, -2.50505866e-01, -1.31391661e-01]],\n",
       " \n",
       "         [[ 5.06958908e-01,  1.18448370e-01,  8.53793090e-01],\n",
       "          [-3.24226156e-01,  9.43974598e-01,  6.15571326e-02],\n",
       "          [-7.98667705e-01, -3.08028961e-01,  5.16960335e-01]],\n",
       " \n",
       "         [[ 9.21634793e-01, -3.54980176e-01, -1.56774721e-01],\n",
       "          [ 3.76658001e-01,  9.15512313e-01,  1.41300814e-01],\n",
       "          [ 9.33702593e-02, -1.89278208e-01,  9.77474150e-01]],\n",
       " \n",
       "         [[ 9.04091995e-01,  4.20881060e-01,  7.40054810e-02],\n",
       "          [-4.09885199e-01,  9.03052103e-01, -1.28417484e-01],\n",
       "          [-1.20879225e-01,  8.57674893e-02,  9.88955091e-01]],\n",
       " \n",
       "         [[ 9.78484547e-01,  2.06317156e-01,  1.00806418e-03],\n",
       "          [-2.02278886e-01,  9.58347500e-01,  2.01626632e-01],\n",
       "          [ 4.06329867e-02, -1.97492507e-01,  9.79461981e-01]],\n",
       " \n",
       "         [[ 9.61422145e-01, -2.71247566e-01,  4.57396170e-02],\n",
       "          [ 2.48743167e-01,  9.28275436e-01,  2.76462443e-01],\n",
       "          [-1.17448713e-01, -2.54419731e-01,  9.59935621e-01]]]]),\n",
       " 'joints': None,\n",
       " 'vertices': array([[[ 0.16716892, -0.21069667, -0.39389378],\n",
       "         [ 0.15916854, -0.19711557, -0.3925544 ],\n",
       "         [ 0.1664137 , -0.19952413, -0.3802334 ],\n",
       "         ...,\n",
       "         [ 0.02077206, -0.2535318 , -0.34406775],\n",
       "         [ 0.02140688, -0.25384858, -0.34643394],\n",
       "         [ 0.01825465, -0.25032502, -0.34775394]],\n",
       " \n",
       "        [[-0.21901877, -0.16922374, -0.3644628 ],\n",
       "         [-0.21482895, -0.15966786, -0.352135  ],\n",
       "         [-0.20235963, -0.16554253, -0.35779774],\n",
       "         ...,\n",
       "         [-0.2331777 , -0.26173675, -0.23310876],\n",
       "         [-0.2352442 , -0.26102608, -0.23456305],\n",
       "         [-0.23607875, -0.25812805, -0.23097649]]], dtype=float32),\n",
       " 'scale_corr': None,\n",
       " 'orientations': array([[[[ 9.36896503e-01,  1.51230723e-01,  3.15204769e-01],\n",
       "          [-2.19384521e-01, -4.47667480e-01,  8.66870344e-01],\n",
       "          [ 2.72204369e-01, -8.81318986e-01, -3.86240423e-01]],\n",
       " \n",
       "         [[ 8.62636305e-01, -2.34776710e-01,  4.48038553e-01],\n",
       "          [-5.00686040e-01, -5.22258176e-01,  6.90333176e-01],\n",
       "          [ 7.19176501e-02, -8.19833133e-01, -5.68068251e-01]],\n",
       " \n",
       "         [[ 9.09217413e-01, -1.44949501e-01,  3.90273476e-01],\n",
       "          [-4.26153745e-02, -9.64911932e-01, -2.59092298e-01],\n",
       "          [ 4.14134821e-01,  2.18939586e-01, -8.83491806e-01]],\n",
       " \n",
       "         [[ 9.77143242e-01,  2.12134762e-01, -1.37817071e-02],\n",
       "          [-1.50693081e-02,  1.33788110e-01,  9.90895388e-01],\n",
       "          [ 2.12047167e-01, -9.68038974e-01,  1.33926871e-01]],\n",
       " \n",
       "         [[ 9.21278095e-01,  1.14519227e-01,  3.71661149e-01],\n",
       "          [-3.70979817e-01, -2.80056563e-02,  9.28218555e-01],\n",
       "          [ 1.16707485e-01, -9.93026186e-01,  1.66833301e-02]],\n",
       " \n",
       "         [[ 9.55002223e-01, -6.74095464e-02,  2.88836797e-01],\n",
       "          [-1.73747347e-01, -9.16393564e-01,  3.60603071e-01],\n",
       "          [ 2.40380111e-01, -3.94561369e-01, -8.86870226e-01]],\n",
       " \n",
       "         [[ 9.60524629e-01,  2.45782530e-01, -1.30320208e-01],\n",
       "          [ 1.03971410e-01,  1.17345618e-01,  9.87633561e-01],\n",
       "          [ 2.58035576e-01, -9.62195876e-01,  8.71589798e-02]],\n",
       " \n",
       "         [[ 8.54448231e-01,  1.15696023e-01,  5.06490598e-01],\n",
       "          [-4.62069284e-01, -2.76444245e-01,  8.42656897e-01],\n",
       "          [ 2.37508396e-01, -9.54040368e-01, -1.82747722e-01]],\n",
       " \n",
       "         [[ 9.83869196e-01, -1.59230628e-01,  8.15289521e-02],\n",
       "          [-1.78888556e-01, -8.74471830e-01,  4.50885645e-01],\n",
       "          [-5.00046597e-04, -4.58197089e-01, -8.88850524e-01]],\n",
       " \n",
       "         [[ 9.37365460e-01,  2.67874616e-01, -2.22686391e-01],\n",
       "          [ 2.28197903e-01,  1.07982804e-02,  9.73554889e-01],\n",
       "          [ 2.63195248e-01, -9.63393311e-01, -5.10064923e-02]],\n",
       " \n",
       "         [[ 8.54448231e-01,  1.15696023e-01,  5.06490598e-01],\n",
       "          [-4.62069284e-01, -2.76444245e-01,  8.42656897e-01],\n",
       "          [ 2.37508396e-01, -9.54040368e-01, -1.82747722e-01]],\n",
       " \n",
       "         [[ 9.83869196e-01, -1.59230628e-01,  8.15289521e-02],\n",
       "          [-1.78888556e-01, -8.74471830e-01,  4.50885645e-01],\n",
       "          [-5.00046597e-04, -4.58197089e-01, -8.88850524e-01]],\n",
       " \n",
       "         [[ 9.07515276e-01,  4.19154886e-01,  2.69306382e-02],\n",
       "          [ 1.48963787e-01, -3.81146375e-01,  9.12434825e-01],\n",
       "          [ 3.92715992e-01, -8.24036773e-01, -4.08335036e-01]],\n",
       " \n",
       "         [[ 6.80847011e-01,  3.97570197e-01, -6.15130213e-01],\n",
       "          [ 6.33226617e-01,  1.02531790e-01,  7.67144889e-01],\n",
       "          [ 3.68064353e-01, -9.11825179e-01, -1.81943556e-01]],\n",
       " \n",
       "         [[ 9.59401414e-01,  2.82041558e-01, -1.26148819e-03],\n",
       "          [ 1.12262583e-02, -3.37177235e-02,  9.99368375e-01],\n",
       "          [ 2.81820904e-01, -9.58809505e-01, -3.55151064e-02]],\n",
       " \n",
       "         [[ 9.28788859e-01,  3.36526101e-01,  1.55246317e-01],\n",
       "          [ 9.31893839e-02, -6.17501370e-01,  7.81029958e-01],\n",
       "          [ 3.58701798e-01, -7.10944615e-01, -6.04889011e-01]],\n",
       " \n",
       "         [[ 7.11653301e-02,  7.45637747e-01, -6.62540444e-01],\n",
       "          [ 8.66374903e-01,  2.82952268e-01,  4.11500511e-01],\n",
       "          [ 4.94297589e-01, -6.03292956e-01, -6.25865445e-01]],\n",
       " \n",
       "         [[ 9.50864508e-01, -1.66648969e-01,  2.60930817e-01],\n",
       "          [-2.61562732e-01,  1.85401898e-02,  9.65008386e-01],\n",
       "          [-1.65655373e-01, -9.85841960e-01, -2.59599181e-02]],\n",
       " \n",
       "         [[-2.42804337e-01,  8.80241237e-01, -4.07702649e-01],\n",
       "          [ 8.32575932e-01, -2.66032476e-02, -5.53271707e-01],\n",
       "          [-4.97858776e-01, -4.73780165e-01, -7.26408303e-01]],\n",
       " \n",
       "         [[-7.16333107e-01,  1.18997124e-02,  6.97657013e-01],\n",
       "          [-6.00121286e-01, -5.20608619e-01, -6.07306539e-01],\n",
       "          [ 3.55979424e-01, -8.53712528e-01,  3.80070455e-01]],\n",
       " \n",
       "         [[-7.95837701e-02,  9.10842675e-01, -4.05008771e-01],\n",
       "          [ 6.06021753e-01, -2.78380669e-01, -7.45145528e-01],\n",
       "          [-7.91456866e-01, -3.04745648e-01, -5.29835914e-01]],\n",
       " \n",
       "         [[-8.87176099e-01, -1.07370452e-01,  4.48765014e-01],\n",
       "          [-2.63590567e-01, -6.80322839e-01, -6.83871883e-01],\n",
       "          [ 3.78732779e-01, -7.25005092e-01,  5.75264318e-01]],\n",
       " \n",
       "         [[-3.25571691e-01,  8.98812395e-01, -2.93494924e-01],\n",
       "          [ 6.00080143e-01, -4.34600960e-02, -7.98758496e-01],\n",
       "          [-7.30689348e-01, -4.36173599e-01, -5.25210097e-01]],\n",
       " \n",
       "         [[-9.44633661e-01,  4.96810390e-02,  3.24344107e-01],\n",
       "          [-2.88290121e-01, -5.97726091e-01, -7.48072429e-01],\n",
       "          [ 1.56703929e-01, -8.00159529e-01,  5.78954774e-01]]],\n",
       " \n",
       " \n",
       "        [[[ 7.61682093e-01, -2.04641089e-01, -6.14786506e-01],\n",
       "          [ 3.71847361e-01, -6.38968527e-01,  6.73385978e-01],\n",
       "          [-5.30631721e-01, -7.41512835e-01, -4.10595566e-01]],\n",
       " \n",
       "         [[ 7.70124553e-01,  3.37960067e-01, -5.41009319e-01],\n",
       "          [ 1.16835737e-01, -9.08503114e-01, -4.01212440e-01],\n",
       "          [-6.27102534e-01,  2.45774324e-01, -7.39146428e-01]],\n",
       " \n",
       "         [[ 7.09950252e-01,  6.35571420e-01, -3.03347361e-01],\n",
       "          [ 6.56353442e-01, -7.53275859e-01, -4.21373910e-02],\n",
       "          [-2.55285589e-01, -1.69187648e-01, -9.51947859e-01]],\n",
       " \n",
       "         [[ 7.28608196e-01, -6.41823206e-01, -2.39150791e-01],\n",
       "          [ 2.98087752e-01, -1.72200884e-02,  9.54383126e-01],\n",
       "          [-6.16663453e-01, -7.66659334e-01,  1.78772949e-01]],\n",
       " \n",
       "         [[ 8.18824147e-01,  4.22379208e-02, -5.72488351e-01],\n",
       "          [ 3.03510654e-01, -8.78348374e-01,  3.69303995e-01],\n",
       "          [-4.87245577e-01, -4.76151395e-01, -7.32032504e-01]],\n",
       " \n",
       "         [[ 8.53775063e-01,  2.40240436e-02, -5.20087564e-01],\n",
       "          [ 5.05242049e-01, -2.79392192e-01,  8.16498950e-01],\n",
       "          [-1.25692787e-01, -9.59876523e-01, -2.50676042e-01]],\n",
       " \n",
       "         [[ 7.00599975e-01, -6.95897033e-01, -1.57755933e-01],\n",
       "          [ 2.34818610e-01,  1.60799167e-02,  9.71906203e-01],\n",
       "          [-6.73809949e-01, -7.17961521e-01,  1.74675193e-01]],\n",
       " \n",
       "         [[ 9.52493742e-01,  6.55197993e-02, -2.97426973e-01],\n",
       "          [ 1.87259874e-01, -8.96163291e-01,  4.02274941e-01],\n",
       "          [-2.40186169e-01, -4.38860426e-01, -8.65859182e-01]],\n",
       " \n",
       "         [[ 8.27591757e-01, -1.47088955e-02, -5.61137754e-01],\n",
       "          [ 4.95642875e-01, -4.50103519e-01,  7.42795331e-01],\n",
       "          [-2.63495797e-01, -8.92855254e-01, -3.65211602e-01]],\n",
       " \n",
       "         [[ 6.64495467e-01, -7.34416097e-01, -1.38126006e-01],\n",
       "          [ 1.82837160e-01, -1.94394102e-02,  9.82951011e-01],\n",
       "          [-7.24580114e-01, -6.78421116e-01,  1.21361149e-01]],\n",
       " \n",
       "         [[ 9.52493742e-01,  6.55197993e-02, -2.97426973e-01],\n",
       "          [ 1.87259874e-01, -8.96163291e-01,  4.02274941e-01],\n",
       "          [-2.40186169e-01, -4.38860426e-01, -8.65859182e-01]],\n",
       " \n",
       "         [[ 8.27591757e-01, -1.47088955e-02, -5.61137754e-01],\n",
       "          [ 4.95642875e-01, -4.50103519e-01,  7.42795331e-01],\n",
       "          [-2.63495797e-01, -8.92855254e-01, -3.65211602e-01]],\n",
       " \n",
       "         [[ 6.55833217e-01, -7.15363773e-01, -2.41117015e-01],\n",
       "          [ 1.37587874e-01, -2.00780345e-01,  9.69926209e-01],\n",
       "          [-7.42261643e-01, -6.69284634e-01, -3.32530627e-02]],\n",
       " \n",
       "         [[ 8.21453479e-01, -5.39329850e-01, -1.85303677e-01],\n",
       "          [ 2.85390701e-01,  1.07463003e-01,  9.52367450e-01],\n",
       "          [-4.93726931e-01, -8.35209531e-01,  2.42195602e-01]],\n",
       " \n",
       "         [[ 5.75395578e-01, -8.03302315e-01,  1.53705694e-01],\n",
       "          [-2.72345340e-01, -1.09801485e-02,  9.62136992e-01],\n",
       "          [-7.71199034e-01, -5.95470345e-01, -2.25093531e-01]],\n",
       " \n",
       "         [[ 6.35806402e-01, -7.51091415e-01, -1.77797100e-01],\n",
       "          [ 1.46581914e-01, -1.08661301e-01,  9.83212271e-01],\n",
       "          [-7.57802126e-01, -6.51194489e-01,  4.10088664e-02]],\n",
       " \n",
       "         [[ 8.83485200e-01,  9.86461216e-02, -4.57955197e-01],\n",
       "          [ 3.40167645e-01,  5.37037185e-01,  7.71930679e-01],\n",
       "          [ 3.22086950e-01, -8.37770826e-01,  4.40908177e-01]],\n",
       " \n",
       "         [[ 5.41999951e-03, -9.73839004e-01,  2.27174164e-01],\n",
       "          [-7.96327751e-01,  1.33205027e-01,  5.90015742e-01],\n",
       "          [-6.04841069e-01, -1.84102982e-01, -7.74773082e-01]],\n",
       " \n",
       "         [[-6.23969630e-01, -1.59768242e-01, -7.64941844e-01],\n",
       "          [ 7.52971447e-01,  1.38924717e-01, -6.43221457e-01],\n",
       "          [ 2.09035693e-01, -9.77330055e-01,  3.36161192e-02]],\n",
       " \n",
       "         [[ 1.37055129e-01, -9.88613631e-01,  6.21208547e-02],\n",
       "          [-9.18120468e-01, -1.50323505e-01, -3.66684687e-01],\n",
       "          [ 3.71847664e-01, -6.77843540e-03, -9.28268981e-01]],\n",
       " \n",
       "         [[-7.06672869e-01,  2.20013878e-01, -6.72463634e-01],\n",
       "          [ 6.86234044e-01, -1.83548325e-02, -7.27149162e-01],\n",
       "          [-1.72325867e-01, -9.75324025e-01, -1.38010155e-01]],\n",
       " \n",
       "         [[ 5.21619386e-01, -8.29757756e-01,  1.98532848e-01],\n",
       "          [-7.24125421e-01, -5.53619111e-01, -4.11276436e-01],\n",
       "          [ 4.51171351e-01,  7.07670961e-02, -8.89627151e-01]],\n",
       " \n",
       "         [[-7.63296903e-01,  1.97857530e-01, -6.15004233e-01],\n",
       "          [ 6.45636035e-01,  2.67598056e-01, -7.15223995e-01],\n",
       "          [ 2.30614977e-02, -9.42997190e-01, -3.32000723e-01]],\n",
       " \n",
       "         [[ 2.71782456e-01, -9.62242389e-01, -1.49594554e-02],\n",
       "          [-7.85595274e-01, -2.12856905e-01, -5.80974964e-01],\n",
       "          [ 5.55854530e-01,  1.69650891e-01, -8.13783899e-01]]]]),\n",
       " 'pose_rotvecs': array([[-1.99104905e+00,  4.89740467e-02, -4.22101381e-01,\n",
       "         -2.42133740e-01,  1.56585631e-01,  3.19664938e-01,\n",
       "         -1.33107929e+00,  6.39801150e-02, -2.38362365e-01,\n",
       "          6.00315935e-01, -2.17999002e-01,  3.30824809e-02,\n",
       "          6.35073035e-01, -1.25376145e-01, -8.57784825e-02,\n",
       "          6.14926661e-01, -1.74950494e-01,  1.43820424e-01,\n",
       "         -1.80953868e-02, -1.24394178e-01, -3.33354870e-02,\n",
       "         -2.25635817e-01,  1.21611595e-01, -1.12900619e-01,\n",
       "          5.70979056e-02, -2.19404124e-01,  1.05129499e-01,\n",
       "         -1.08906240e-01, -1.26584374e-01, -2.97000520e-03,\n",
       "          0.00000000e+00,  0.00000000e+00,  0.00000000e+00,\n",
       "          0.00000000e+00,  0.00000000e+00,  0.00000000e+00,\n",
       "         -4.31388477e-01,  1.05194144e-01, -1.15339999e-01,\n",
       "          2.03273953e-02, -4.66679728e-01, -1.67516089e-01,\n",
       "         -4.60828085e-02,  2.19137497e-01, -9.43452007e-03,\n",
       "         -2.68370597e-01,  2.84184326e-02,  6.27935021e-02,\n",
       "         -2.63366098e-01, -5.20823050e-01, -4.36870265e-01,\n",
       "         -6.39307320e-03,  2.67657350e-01,  4.57834742e-01,\n",
       "         -1.70575589e-01, -1.04243007e+00,  3.40448467e-01,\n",
       "          3.38874880e-02,  2.07273436e+00, -7.18040116e-01,\n",
       "          4.61322644e-02, -2.72772310e-01,  3.03462193e-01,\n",
       "          9.87463590e-02,  3.12304408e-01, -2.17438691e-01,\n",
       "         -1.09202914e-01, -5.91947178e-02, -2.47276218e-01,\n",
       "         -4.21876285e-02,  1.33890394e-01,  1.88486583e-01],\n",
       "        [ 3.71050902e+00,  2.20692298e-01, -1.51181518e+00,\n",
       "         -1.20090750e+00, -2.07724173e-02,  2.90196084e-01,\n",
       "         -9.93235081e-01,  9.05989814e-02, -4.09403233e-01,\n",
       "          7.71741502e-01,  3.98715605e-02,  1.14354415e-01,\n",
       "          7.78921561e-01,  1.48981549e-01, -1.94541759e-01,\n",
       "          1.17387482e+00,  2.52183011e-01,  6.74097991e-02,\n",
       "          5.15018491e-02,  6.55952408e-02,  6.12994847e-02,\n",
       "         -4.75453890e-02,  3.05206692e-01, -2.72815955e-03,\n",
       "         -1.33631650e-01, -4.94164628e-02,  1.31861997e-01,\n",
       "         -2.31939028e-02,  5.30447024e-02,  6.14279000e-02,\n",
       "          0.00000000e+00,  0.00000000e+00,  0.00000000e+00,\n",
       "          0.00000000e+00,  0.00000000e+00,  0.00000000e+00,\n",
       "         -1.81344402e-01,  4.35756745e-02,  2.33133416e-02,\n",
       "          6.37346051e-02, -1.17637341e-01, -2.74404489e-01,\n",
       "          3.51637457e-03,  4.57660504e-01,  1.09103285e-01,\n",
       "          9.76812370e-02, -1.29399316e-02,  2.35934317e-02,\n",
       "          1.86810572e-01, -3.47851349e-01, -7.71433935e-01,\n",
       "         -1.41868861e-01,  6.72472476e-01,  4.60326738e-01,\n",
       "          1.85540003e-01, -1.72219640e+00,  5.38613106e-01,\n",
       "         -2.25029019e-01,  1.00612993e+00, -2.69530202e-01,\n",
       "         -1.70593558e-01, -1.29085995e-01,  3.77558016e-01,\n",
       "          1.10887067e-01,  1.00895003e-01, -4.30101294e-01,\n",
       "         -2.02391086e-01, -2.00935768e-02, -2.07196770e-01,\n",
       "         -2.72300068e-01,  8.37025529e-02,  2.66713631e-01]])}"
      ]
     },
     "execution_count": 6,
     "metadata": {},
     "output_type": "execute_result"
    }
   ],
   "execution_count": 6
  },
  {
   "metadata": {
    "ExecuteTime": {
     "end_time": "2024-10-29T02:00:29.760282387Z",
     "start_time": "2024-10-25T19:55:27.471314Z"
    }
   },
   "cell_type": "code",
   "source": [
    "from smplfit.pt.fitting import Fitter\n",
    "from smplfit.pt.smpl import SMPL \n",
    "smpl_model = SMPL(model_name='smpl', gender='neutral')\n",
    "smplx_model = SMPL(model_name='smplx', gender='neutral')\n",
    "fitter  = Fitter(smpl_model, num_betas=10)"
   ],
   "id": "a3fb04e64d94521d",
   "outputs": [],
   "execution_count": 11
  },
  {
   "metadata": {
    "ExecuteTime": {
     "end_time": "2024-10-29T02:00:29.760376727Z",
     "start_time": "2024-10-25T19:55:49.909933Z"
    }
   },
   "cell_type": "code",
   "source": [
    "import torch\n",
    "fit_res = fitter.fit(torch.tensor(meshes[:1]), n_iter=1, beta_regularizer=0,\n",
    "                     requested_keys=['pose_rotvecs', 'shape_betas'])"
   ],
   "id": "8c6a14c95080f699",
   "outputs": [],
   "execution_count": 13
  },
  {
   "metadata": {
    "ExecuteTime": {
     "end_time": "2024-10-29T02:00:29.760458128Z",
     "start_time": "2024-10-25T19:55:52.958132Z"
    }
   },
   "cell_type": "code",
   "source": "fit_res",
   "id": "c0e7ed123408bac4",
   "outputs": [
    {
     "data": {
      "text/plain": [
       "{'shape_betas': tensor([[ 0.1363,  0.6938, -0.4880, -0.1373,  0.8613,  0.6607,  0.9718,  0.4146,\n",
       "           0.3160,  0.3801]]),\n",
       " 'kid_factor': None,\n",
       " 'trans': tensor([[0.0020, 0.0007, 0.0035]]),\n",
       " 'relative_orientations': tensor([[[[ 9.3690e-01,  1.5122e-01,  3.1518e-01],\n",
       "           [-2.1937e-01, -4.4767e-01,  8.6687e-01],\n",
       "           [ 2.7219e-01, -8.8132e-01, -3.8625e-01]],\n",
       " \n",
       "          [[ 9.3762e-01, -3.2854e-01,  1.1369e-01],\n",
       "           [ 2.9122e-01,  9.2084e-01,  2.5933e-01],\n",
       "           [-1.8989e-01, -2.1004e-01,  9.5907e-01]],\n",
       " \n",
       "          [[ 9.7396e-01,  1.3544e-01,  1.8185e-01],\n",
       "           [-2.0825e-01,  2.1705e-01,  9.5369e-01],\n",
       "           [ 8.9693e-02, -9.6672e-01,  2.3960e-01]],\n",
       " \n",
       "          [[ 9.7651e-01, -9.4101e-02, -1.9382e-01],\n",
       "           [-3.2358e-02,  8.2533e-01, -5.6373e-01],\n",
       "           [ 2.1301e-01,  5.5676e-01,  8.0290e-01]],\n",
       " \n",
       "          [[ 9.8890e-01,  4.1396e-02, -1.4273e-01],\n",
       "           [-1.1810e-01,  8.0188e-01, -5.8570e-01],\n",
       "           [ 9.0207e-02,  5.9605e-01,  7.9786e-01]],\n",
       " \n",
       "          [[ 9.7536e-01, -1.8556e-01, -1.1934e-01],\n",
       "           [ 8.2183e-02,  8.0759e-01, -5.8399e-01],\n",
       "           [ 2.0474e-01,  5.5979e-01,  8.0294e-01]],\n",
       " \n",
       "          [[ 9.9172e-01,  3.4366e-02, -1.2375e-01],\n",
       "           [-3.2111e-02,  9.9928e-01,  2.0164e-02],\n",
       "           [ 1.2436e-01, -1.6023e-02,  9.9211e-01]],\n",
       " \n",
       "          [[ 9.8634e-01,  9.7878e-02,  1.3251e-01],\n",
       "           [-1.2509e-01,  9.6838e-01,  2.1585e-01],\n",
       "           [-1.0719e-01, -2.2948e-01,  9.6739e-01]],\n",
       " \n",
       "          [[ 9.7042e-01, -1.1033e-01, -2.1476e-01],\n",
       "           [ 9.7835e-02,  9.9288e-01, -6.7986e-02],\n",
       "           [ 2.2073e-01,  4.4963e-02,  9.7430e-01]],\n",
       " \n",
       "          [[ 9.9200e-01,  9.8217e-03, -1.2583e-01],\n",
       "           [ 3.9232e-03,  9.9409e-01,  1.0852e-01],\n",
       "           [ 1.2615e-01, -1.0814e-01,  9.8610e-01]],\n",
       " \n",
       "          [[ 1.0000e+00,  1.4901e-08, -1.1176e-08],\n",
       "           [ 1.4901e-08,  1.0000e+00, -1.0431e-07],\n",
       "           [-1.1176e-08, -1.0431e-07,  1.0000e+00]],\n",
       " \n",
       "          [[ 1.0000e+00,  1.4610e-08, -2.6193e-09],\n",
       "           [ 1.4610e-08,  1.0000e+00, -1.4901e-07],\n",
       "           [-2.6193e-09, -1.4901e-07,  1.0000e+00]],\n",
       " \n",
       "          [[ 9.8802e-01,  8.9282e-02,  1.2584e-01],\n",
       "           [-1.3379e-01,  9.0198e-01,  4.1053e-01],\n",
       "           [-7.6851e-02, -4.2245e-01,  9.0312e-01]],\n",
       " \n",
       "          [[ 8.7955e-01,  1.5619e-01, -4.4943e-01],\n",
       "           [-1.6542e-01,  9.8604e-01,  1.8947e-02],\n",
       "           [ 4.4612e-01,  5.7681e-02,  8.9311e-01]],\n",
       " \n",
       "          [[ 9.7607e-01,  4.3137e-03,  2.1743e-01],\n",
       "           [-1.4370e-02,  9.9890e-01,  4.4692e-02],\n",
       "           [-2.1700e-01, -4.6748e-02,  9.7505e-01]],\n",
       " \n",
       "          [[ 9.9762e-01, -6.6071e-02,  1.9776e-02],\n",
       "           [ 5.8457e-02,  9.6223e-01,  2.6587e-01],\n",
       "           [-3.6596e-02, -2.6408e-01,  9.6380e-01]],\n",
       " \n",
       "          [[ 7.7905e-01,  4.6465e-01, -4.2093e-01],\n",
       "           [-3.3360e-01,  8.7566e-01,  3.4919e-01],\n",
       "           [ 5.3084e-01, -1.3161e-01,  8.3719e-01]],\n",
       " \n",
       "          [[ 8.6265e-01, -4.3742e-01,  2.5397e-01],\n",
       "           [ 4.3575e-01,  8.9765e-01,  6.5961e-02],\n",
       "           [-2.5683e-01,  5.3766e-02,  9.6496e-01]],\n",
       " \n",
       "          [[ 4.5792e-01, -1.9442e-01, -8.6747e-01],\n",
       "           [ 3.5498e-01,  9.3461e-01, -2.2081e-02],\n",
